1020601000 432 1 2030 Alice 1100000.000000
1020601001 433 2 2030 Bob 1000000.000000
1020601002 434 3 2030 Carol 1000000.000000
1020601003 435 4 2030 Dave 1000000.000000
1020601004 436 5 2030 Eve 1000000.000000
1020601005 437 6 2030 Frank 1000000.000000
1020601006 438 7 2030 Grace 1000000.000000
1020601007 439 8 2030 Hank 1000000.000000
1020601008 440 9 2030 Irene 1000000.000000
1020601009 441 10 2030 Jack 1000000.000000
1020601010 442 11 2030 Kate 1000000.000000
1020601011 443 12 2030 Liam 1000000.000000
1020601012 444 1 2031 Mia 1000000.000000
1020601013 445 2 2031 Noah 1000000.000000
1020601014 446 3 2031 Owen 1000000.000000
1020601015 447 4 2031 Paul 1000000.000000
1020601016 448 5 2031 Quinn 1000000.000000
1020601017 449 6 2031 Rose 1000000.000000
1020601018 450 7 2031 Sam 1000000.000000
1020601019 451 8 2031 Tina 1000000.000000
1020601020 452 9 2031 Umar 1000000.000000
1020601021 453 10 2031 Vera 1000000.000000
1020601022 454 11 2031 Walt 1000000.000000
1020601023 455 12 2031 Xena 1000000.000000
1020601024 456 1 2032 Yara 1000000.000000
1020601025 457 2 2032 Zack 1000000.000000
1020601026 458 3 2032 Adam 1000000.000000
1020601027 459 4 2032 Bella 1000000.000000
1020601028 460 5 2032 Carl 1000000.000000
1020601029 461 6 2032 Dana 1000000.000000
1020601030 462 7 2032 Eric 1000000.000000
1020601031 463 8 2032 Faye 1000000.000000
1020601032 464 9 2032 Glen 1000000.000000
1020601033 465 10 2032 Hope 1000000.000000
1020601034 466 11 2032 Ivan 1000000.000000
1020601035 467 12 2032 June 1000000.000000
1020601036 468 1 2033 Kyle 1000000.000000
1020601037 469 2 2033 Lana 1000000.000000
1020601038 470 3 2033 Mark 1000000.000000
1020601039 471 4 2033 Nia 1000000.000000
1020601040 472 5 2033 Omar 1000000.000000
1020601041 473 6 2033 Pam 1000000.000000
1020601042 474 7 2033 Raul 1000000.000000
1020601043 475 8 2033 Sara 1000000.000000
1020601044 476 9 2033 Tom 1000000.000000
1020601045 477 10 2033 Uma 1000000.000000
1020601046 478 11 2033 Vito 1000000.000000
1020601047 479 12 2033 Wren 1000000.000000
1020601048 480 1 2034 Xavi 1000000.000000
1020601049 481 2 2034 Yuki 1000000.000000
1020601050 482 3 2034 Zane 1000000.000000
1020601051 483 4 2034 Abel 1000000.000000
1020601052 484 5 2034 Beth 1000000.000000
1020601053 485 6 2034 Chad 1000000.000000
1020601054 486 7 2034 Dora 1000000.000000
1020601055 487 8 2034 Earl 1000000.000000
1020601056 488 9 2034 Fina 1000000.000000
1020601057 489 10 2034 Gino 1000000.000000
1020601058 490 11 2034 Hana 1000000.000000
1020601059 491 12 2034 Ivar 1000000.000000
1020601060 492 1 2035 Jess 1000000.000000
1020601061 493 2 2035 Kian 1000000.000000
1020601062 494 3 2035 Lora 1000000.000000
1020601063 495 4 2035 Milo 1000000.000000
1020601064 496 5 2035 Nola 1000000.000000
1020601065 497 6 2035 Owen 1000000.000000
1020601066 498 7 2035 Peta 1000000.000000
1020601067 499 8 2035 Rami 1000000.000000
1020601068 500 9 2035 Sia 1000000.000000
1020601069 501 10 2035 Theo 1000000.000000
1020601070 502 11 2035 Ulla 1000000.000000
1020601071 503 12 2035 Vince 1000000.000000
1020601072 504 1 2036 Wade 1000000.000000
1020601073 505 2 2036 Xian 1000000.000000
1020601074 506 3 2036 Yani 1000000.000000
1020601075 507 4 2036 Zuri 1000000.000000
1020601076 508 5 2036 Amos 1000000.000000
1020601077 509 6 2036 Bree 1000000.000000
1020601078 510 7 2036 Colt 1000000.000000
1020601079 511 8 2036 Dori 1000000.000000
1020601080 512 9 2036 Elan 1000000.000000
1020601081 513 10 2036 Fara 1000000.000000
1020601082 514 11 2036 Gale 1000000.000000
1020601083 515 12 2036 Hugo 1000000.000000
1020601084 516 1 2037 Iris 1000000.000000
1020601085 517 2 2037 Jace 1000000.000000
1020601086 518 3 2037 Kira 1000000.000000
1020601087 519 4 2037 Leon 1000000.000000
1020601088 520 5 2037 Mara 1000000.000000
1020601089 521 6 2037 Nico 1000000.000000
1020601090 522 7 2037 Orla 1000000.000000
1020601091 523 8 2037 Pete 1000000.000000
1020601092 524 9 2037 Quinn 1000000.000000
1020601093 525 10 2037 Rina 1000000.000000
1020601094 526 11 2037 Seth 1000000.000000
1020601095 527 12 2037 Tori 1000000.000000
1020601096 528 1 2038 Uri 1000000.000000
1020601097 529 2 2038 Vina 1000000.000000
1020601098 530 3 2038 Wynn 1000000.000000
1020601099 531 4 2038 Zed 1000000.000000
