10026 aaaaa 10 10 10 10 2041 50010.000000
10027 a 10 10 10 10 2042 50500.000000
10028 mostakin 10 10 10 10 2043 50000.000000
10029 tonmoy 10 10 10 10 2044 90000.000000
10030 m 10 10 10 10 2045 644592.000000
10031 Rafi 10 10 10 10 2046 50000.000000
10032 admin 10 10 10 10 2047 50000.000000
10033 mostakin 10 10 10 10 2048 50000.000000
10034 mostakin 10 10 10 10 2049 50000.000000
10035 mm 10 10 10 10 2050 50000.000000
10036 mostak 10 10 10 10 2051 50000.000000
10037 aaa 10 10 10 10 2052 50000.000000
10038 ssss 10 10 10 10 2053 50000.000000
10039 aaaa 10 10 10 10 2054 655000.000000
