01123456789 482193 90001.000000 bkash
01123456791 638201 100000.000000 bkash
01123456792 721093 100000.000000 bkash
01123456793 195027 100000.000000 bkash
01123456794 359820 100000.000000 bkash
01123456795 248509 100000.000000 bkash
01123456796 590823 100000.000000 bkash
01123456797 108276 100000.000000 bkash
01123456798 726398 100000.000000 bkash
01123456799 384920 100000.000000 bkash
01123456891 205849 100000.000000 bkash
01123456892 473920 100000.000000 bkash
01123456893 918273 100000.000000 bkash
01123456894 384756 100000.000000 bkash
01123456895 592018 100000.000000 bkash
01123456896 728394 100000.000000 bkash
01123456897 384902 100000.000000 bkash
01123456898 519203 100000.000000 bkash
01123456899 205938 100000.000000 bkash
01123456981 672019 100000.000000 bkash
01123456982 485920 100000.000000 bkash
01123456983 593820 100000.000000 bkash
01123456984 182903 100000.000000 bkash
01123456985 572839 100000.000000 bkash
01123456986 930182 100000.000000 bkash
01123456987 184759 100000.000000 bkash
01123456988 920384 100000.000000 bkash
01123456989 573920 100000.000000 bkash
01123456991 385920 100000.000000 bkash
01123456992 583920 100000.000000 bkash
01123456993 758290 100000.000000 bkash
01123456994 289031 100000.000000 bkash
01123456995 485920 100000.000000 bkash
01123456996 593820 100000.000000 bkash
01123456997 182903 100000.000000 bkash
01123456998 572839 100000.000000 bkash
01123456999 930182 100000.000000 bkash
01123457981 184759 100000.000000 bkash
01123457982 920384 100000.000000 bkash
01123457983 573920 100000.000000 bkash
01123457984 385920 100000.000000 bkash
01123457985 583920 100000.000000 bkash
01123457986 758290 100000.000000 bkash
01123457987 289031 100000.000000 bkash
01123457988 485920 100000.000000 bkash
01123457989 593820 100000.000000 bkash
01123457991 182903 100000.000000 bkash
01123457992 572839 100000.000000 bkash
01123457993 930182 100000.000000 bkash
01234567891 395820 100000.000000 nagad
01234567892 812093 100000.000000 nagad
01234567893 290583 100000.000000 nagad
01234567894 570192 100000.000000 nagad
01234567895 682019 100000.000000 nagad
01234567896 198273 100000.000000 nagad
01234567897 520983 100000.000000 nagad
01234567898 309182 100000.000000 nagad
01234567899 582019 100000.000000 nagad
01234567981 190283 100000.000000 nagad
01234567982 395820 100000.000000 nagad
01234567983 812093 100000.000000 nagad
01234567984 290583 100000.000000 nagad
01234567985 570192 100000.000000 nagad
01234567986 682019 100000.000000 nagad
01234567987 198273 100000.000000 nagad
01234567988 520983 100000.000000 nagad
01234567989 309182 100000.000000 nagad
01234567991 582019 100000.000000 nagad
01234567992 190283 100000.000000 nagad
01234567993 395820 100000.000000 nagad
01234567994 812093 100000.000000 nagad
01234567995 290583 100000.000000 nagad
01234567996 570192 100000.000000 nagad
01234567997 682019 100000.000000 nagad
01234567998 198273 100000.000000 nagad
01234567999 520983 100000.000000 nagad
01234568981 309182 100000.000000 nagad
01234568982 582019 100000.000000 nagad
01234568983 190283 100000.000000 nagad
01234568984 395820 100000.000000 nagad
01234568985 812093 100000.000000 nagad
01234568986 290583 100000.000000 nagad
01234568987 570192 100000.000000 nagad
01234568988 682019 100000.000000 nagad
01234568989 198273 100000.000000 nagad
01234568991 520983 100000.000000 nagad
01234568992 309182 100000.000000 nagad
01234568993 582019 100000.000000 nagad
01234568994 190283 100000.000000 nagad
01234568995 395820 100000.000000 nagad
01234568996 812093 100000.000000 nagad
01234568997 290583 100000.000000 nagad
01234568998 570192 100000.000000 nagad
01234568999 682019 100000.000000 nagad
01234569981 198273 100000.000000 nagad
01234569982 520983 100000.000000 nagad
01234569983 309182 100000.000000 nagad
01345678912 358247 100000.000000 rocket
01345678913 728413 100000.000000 rocket
01345678914 420698 100000.000000 rocket
01345678915 619432 100000.000000 rocket
01345678916 871506 100000.000000 rocket
01345678917 284519 100000.000000 rocket
01345678918 519603 100000.000000 rocket
01345678919 650214 100000.000000 rocket
01345678921 703819 100000.000000 rocket
01345678922 864215 100000.000000 rocket
01345678923 150924 100000.000000 rocket
01345678924 513690 100000.000000 rocket
01345678925 972601 100000.000000 rocket
01345678926 306781 100000.000000 rocket
01345678927 652083 100000.000000 rocket
01345678928 748260 100000.000000 rocket
01345678929 526471 100000.000000 rocket
01345678931 164302 100000.000000 rocket
01345678932 210586 100000.000000 rocket
01345678933 539702 100000.000000 rocket
01345678934 830165 100000.000000 rocket
01345678935 485920 100000.000000 rocket
01345678936 593820 100000.000000 rocket
01345678937 182903 100000.000000 rocket
01345678938 572839 100000.000000 rocket
01345678939 930182 100000.000000 rocket
01345678941 184759 100000.000000 rocket
01345678942 920384 100000.000000 rocket
01345678943 573920 100000.000000 rocket
01345678944 385920 100000.000000 rocket
01345678945 583920 100000.000000 rocket
01345678946 758290 100000.000000 rocket
01345678947 289031 100000.000000 rocket
01345678948 485920 100000.000000 rocket
01345678949 593820 100000.000000 rocket
01345678951 182903 100000.000000 rocket
01345678952 572839 100000.000000 rocket
01345678953 930182 100000.000000 rocket
01345678954 184759 100000.000000 rocket
01345678955 920384 100000.000000 rocket
01345678956 573920 100000.000000 rocket
01345678957 385920 100000.000000 rocket
01345678958 583920 100000.000000 rocket
01345678959 758290 100000.000000 rocket
01345678961 289031 100000.000000 rocket
01345678962 485920 100000.000000 rocket
01345678963 593820 100000.000000 rocket
01345678964 182903 100000.000000 rocket
